13.387975
10.993378
3.377012
0.504053
1.526615
1.614050
1.248228
0.507894
0.167791
0.485394
0.596834
3.085053
1.303780
0.750582
0.834040
0.375359
0.105459
0.348446
0.179910
0.116840
0.260862
0.299613
0.492243
0.461073
0.093617
0.192194
0.075201
0.258097
0.147219
0.375335
0.429970
0.449870
0.345007
0.150528
0.085949
0.181034
0.084447
0.094595
0.118920
0.233826
0.167863
0.141011
0.082219
0.151760
0.123563
0.048328
0.074939
0.121698
0.058693
0.075802
0.049010
0.053886
0.040095
0.016395
0.047013
0.039501
0.045536
0.030823
0.042576
0.091881
0.297036
0.080704
0.035820
0.030518
0.041565
0.033586
0.039895
0.030625
0.020694
0.051914
0.033017
0.041598
0.044474
0.030614
0.044086
0.101677
0.288851
0.095294
0.066433
0.018461
0.057026
0.055787
0.056656
0.056147
0.013716
0.046839
0.052361
0.053280
0.047915
0.051443
0.032357
0.035666
0.045949
0.018527
0.038301
0.022864
0.055943
0.020787
0.061222
0.024571
0.023842
0.045246
0.029430
0.047382
0.022802
0.044457
0.027704
0.053044
0.032598
0.031050
0.036238
0.034978
0.032755
0.027725
0.038766
0.021714
0.054925
0.027718
0.029499
0.040512
0.069608
0.008225
0.047716
0.021406
0.028162
0.040601
0.033301
0.038424
0.036953
0.038424
0.033301
0.040601
0.028162
0.021406
0.047716
0.008225
0.069608
0.040512
0.029499
0.027718
0.054925
0.021714
0.038766
0.027725
0.032755
0.034978
0.036238
0.031050
0.032598
0.053044
0.027704
0.044457
0.022802
0.047382
0.029430
0.045246
0.023842
0.024571
0.061222
0.020787
0.055943
0.022864
0.038301
0.018527
0.045949
0.035666
0.032357
0.051443
0.047915
0.053280
0.052361
0.046839
0.013716
0.056147
0.056656
0.055787
0.057026
0.018461
0.066433
0.095294
0.288851
0.101677
0.044086
0.030614
0.044474
0.041598
0.033017
0.051914
0.020694
0.030625
0.039895
0.033586
0.041565
0.030518
0.035820
0.080704
0.297036
0.091881
0.042576
0.030823
0.045536
0.039501
0.047013
0.016395
0.040095
0.053886
0.049010
0.075802
0.058693
0.121698
0.074939
0.048328
0.123563
0.151760
0.082219
0.141011
0.167863
0.233826
0.118920
0.094595
0.084447
0.181034
0.085949
0.150528
0.345007
0.449870
0.429970
0.375335
0.147219
0.258097
0.075201
0.192194
0.093617
0.461073
0.492243
0.299613
0.260862
0.116840
0.179910
0.348446
0.105459
0.375359
0.834040
0.750582
1.303780
3.085053
0.596834
0.485394
0.167791
0.507894
1.248228
1.614050
1.526615
0.504053
3.377012
10.993378
