7.490618
5.818669
2.995083
2.308015
1.685462
1.252711
0.998976
0.880537
0.779799
0.750598
1.013537
1.401675
1.404795
1.151235
0.634868
0.484493
0.414285
0.334557
0.275947
0.267406
0.266672
0.243615
0.227689
0.198793
0.196127
0.175403
0.177521
0.155629
0.142366
0.145370
0.141206
0.132461
0.142905
0.132585
0.116674
0.110932
0.116309
0.104594
0.095234
0.098397
0.088103
0.080933
0.072131
0.081550
0.111430
0.070049
0.057267
0.056029
0.054920
0.041957
0.033975
0.029060
0.029405
0.022622
0.018654
0.015950
0.013552
0.012687
0.010774
0.092437
0.210977
0.088697
0.009748
0.010133
0.011743
0.012553
0.013459
0.016111
0.017277
0.017979
0.018738
0.020444
0.023392
0.025243
0.027425
0.114425
0.283555
0.137252
0.028607
0.029217
0.031683
0.027941
0.029474
0.032154
0.040320
0.031365
0.029556
0.027507
0.026199
0.023297
0.022788
0.027110
0.045899
0.028497
0.020717
0.019057
0.020984
0.018175
0.016757
0.018961
0.022380
0.018649
0.017974
0.020668
0.021333
0.016648
0.017103
0.017996
0.022091
0.018286
0.015095
0.015696
0.018301
0.016130
0.016055
0.015053
0.019560
0.015273
0.014129
0.046663
0.084787
0.034028
0.014909
0.013495
0.016387
0.013700
0.013018
0.012855
0.011750
0.012855
0.013018
0.013700
0.016387
0.013495
0.014909
0.034028
0.084787
0.046663
0.014129
0.015273
0.019560
0.015053
0.016055
0.016130
0.018301
0.015696
0.015095
0.018286
0.022091
0.017996
0.017103
0.016648
0.021333
0.020668
0.017974
0.018649
0.022380
0.018961
0.016757
0.018175
0.020984
0.019057
0.020717
0.028497
0.045899
0.027110
0.022788
0.023297
0.026199
0.027507
0.029556
0.031365
0.040320
0.032154
0.029474
0.027941
0.031683
0.029217
0.028607
0.137252
0.283555
0.114425
0.027425
0.025243
0.023392
0.020444
0.018738
0.017979
0.017277
0.016111
0.013459
0.012553
0.011743
0.010133
0.009748
0.088697
0.210977
0.092437
0.010774
0.012687
0.013552
0.015950
0.018654
0.022622
0.029405
0.029060
0.033975
0.041957
0.054920
0.056029
0.057267
0.070049
0.111430
0.081550
0.072131
0.080933
0.088103
0.098397
0.095234
0.104594
0.116309
0.110932
0.116674
0.132585
0.142905
0.132461
0.141206
0.145370
0.142366
0.155629
0.177521
0.175403
0.196127
0.198793
0.227689
0.243615
0.266672
0.267406
0.275947
0.334557
0.414285
0.484493
0.634868
1.151235
1.404795
1.401675
1.013537
0.750598
0.779799
0.880537
0.998976
1.252711
1.685462
2.308015
2.995083
5.818669
