3.547744
0.015659
0.015741
0.015877
0.016068
0.016313
0.149479
0.084811
-0.191063
-0.231783
0.165083
0.548371
0.995961
0.666597
-0.313843
-1.627295
-2.499999
-2.737572
-2.797202
-3.263493
-2.869066
-1.835340
-1.454118
-0.979368
0.154447
0.803657
1.304457
1.426521
1.772874
2.068632
2.305906
2.638651
2.233732
1.443274
1.587691
0.799442
-0.243627
0.151382
1.096756
0.378171
0.390985
0.634894
0.059618
-1.168939
-1.459774
-1.897682
-2.225264
-1.041737
-0.929355
-1.544522
-0.831914
1.165865
1.676626
2.541030
4.626173
7.332883
6.809695
6.433808
7.702806
9.215052
10.400682
10.835690
9.247496
6.541543
5.408472
4.222191
1.436172
-1.014125
-2.642433
-5.737243
-8.468833
-5.708736
-2.349072
-0.880585
2.431029
6.894640
10.180102
13.834488
16.777643
15.093613
15.035929
16.393373
14.311171
11.283484
11.137206
10.981201
8.073558
4.780431
2.340783
-1.105055
-6.226338
-8.231482
-6.687847
-3.790390
0.166478
1.848617
0.169658
1.882739
6.387909
9.923546
11.056954
14.680532
16.215984
12.024903
8.493395
5.638928
2.013499
-0.552431
-2.777773
-4.282249
-8.046789
-11.094110
-13.788638
-20.296293
-22.280758
-18.922033
-20.903677
-20.198750
-14.468191
-9.089603
-10.273007
-11.846845
-13.812094
-15.779496
-15.016976
-13.077686
-13.475668
-15.042173
-16.214333
-21.287613
-25.179523
-23.208147
-17.337982
-16.146505
-17.284742
-19.189224
-21.853796
-29.129330
-33.279861
-32.793789
-33.065689
-29.136421
-24.469446
-22.477396
-18.991552
-14.035064
-16.197983
-21.296259
-22.280657
-20.683762
-20.918465
-20.420353
-20.280857
-22.631029
-28.476696
-33.521862
-37.779251
-41.953159
-44.671463
-49.360462
-52.936771
-54.760250
-53.559711
-54.644413
-56.328987
-55.398800
-51.306950
-48.844357
-44.565708
-41.891094
-39.261528
-41.430450
-44.108250
-46.402775
-46.614258
-45.107861
-45.003834
-44.603996
-45.532917
-45.347801
-48.002247
-50.796303
-51.200539
-49.083824
-48.463669
-47.115265
-43.673550
-41.244793
-37.523472
-32.810802
-28.689451
-25.345516
-21.908960
-21.238737
-21.969566
-21.093035
-17.765158
-18.282581
-19.845098
-20.959774
-23.551506
-27.168264
-29.426600
-30.578215
-32.100212
-32.141590
-32.140488
-33.385056
-32.154984
-30.007284
-29.774227
-29.131910
-27.501139
-25.332705
-23.836981
-22.509911
-20.475584
-19.166954
-19.023046
-18.077105
-17.540831
-17.192434
-16.750698
-17.153355
-18.389395
-19.111568
-19.219498
-19.791162
-20.284357
-20.102140
-19.255655
-18.749846
-17.598909
-15.938222
-14.217071
-13.081863
-11.814334
-10.726665
-9.710212
-8.626119
-8.179879
-8.180843
-8.140546
-7.830964
-7.923079
-8.089239
-8.005377
-8.076625
-8.498040
-8.653361
-8.823732
-9.108773
-9.222906
-9.364006
-9.691171
-9.705496
